 -1.21768785e-01 7.64028243e-01 -3.95142702e-02 2.22456128e-01 8.29889219e-01 3.82100056e-01 -3.36117841e-01 -1.33294657e+00 -1.57911660e-01 -2.57614987e-01
 9.56054965e-03 2.44440429e+00 -1.16675439e+00 -1.44478928e-01 -6.23279613e-01 -3.24044568e-01 6.56519433e-01 -2.26284887e+00 3.63617718e-02 1.04335984e+00
 -8.96275838e-01 -1.67998619e+00 -5.49257857e-02 1.33638470e+00 4.27223715e-01 -5.96589912e-01 8.47435082e-01 1.62850769e+00 -8.45482797e-01 1.61782448e+00
 4.47514656e-01 2.71011514e+00 2.75438705e+00 -8.75501545e-01 -1.62887047e+00 -2.42362673e-01 -3.92805343e-01 -5.11758639e-01 6.67204015e-02 -4.05046006e-01
 -3.08178335e-01 1.41572149e+00 3.92578273e-01 1.51156295e+00 -1.68673455e+00 4.44217187e-01 -4.18621281e-01 4.34528099e-01 1.24124879e+00 -3.87794490e-01
 -5.65409759e-01 5.64475674e-01 1.96293993e+00 -1.63653545e+00 -1.80458518e+00 1.10041449e+00 -1.47106306e-02 -8.93458439e-01 6.57057224e-01 -2.41469628e+00
 -1.26145163e-01 1.07396902e-01 1.01897649e+00 1.06791232e+00 -2.48114699e-01 -5.35747447e-01 -8.45605861e-01 1.38426211e+00 6.20811259e-01 1.34650235e+00
 1.32314801e+00 -1.18106204e+00 -6.80220984e-02 3.46176649e-01 1.21937286e+00 5.53374728e-01 3.04158005e-01 -9.65778618e-01 5.26598993e-01 -1.87017754e+00
 -1.25358572e+00 6.57725012e-01 -5.08154526e-01 -1.27021721e+00 -6.22973921e-01 4.92772193e-01 2.47440113e-01 -1.70661548e+00 -1.36168780e+00 -8.25607186e-01
 2.16550682e-01 -5.07283913e-02 5.95376442e-01 6.18484155e-01 -3.82544631e-01 6.71022161e-01 -5.04879896e-01 -6.82851372e-01 5.90718086e-01 -8.26490312e-02
